5 1 0.004000 0.002000 0.001000
10 1 0.004000 0.002000 0.003000
20 1 0.004000 0.003000 0.004000
30 1 0.008000 0.006000 0.006000
50 1 0.012000 0.009000 0.008000
65 1 0.011000 0.010000 0.009000
75 1 0.017000 0.012000 0.019000
90 1 0.014000 0.009000 0.010000
100 1 0.016000 0.010000 0.010000
120 1 0.018000 0.012000 0.012000
135 1 0.022000 0.013000 0.020000
150 1 0.025000 0.021000 0.021000
175 1 0.030000 0.024000 0.024000
200 1 0.031000 0.019000 0.020000
225 1 0.035000 0.021000 0.021000
250 1 0.038000 0.036000 0.035000
275 1 0.042000 0.029000 0.045000
300 1 0.062000 0.041000 0.065000
325 1 0.051000 0.032000 0.041000
350 1 0.054000 0.049000 0.049000
375 1 0.058000 0.035000 0.058000
400 1 0.060000 0.059000 0.074000
425 1 0.067000 0.043000 0.073000
450 1 0.069000 0.044000 0.062000
475 1 0.073000 0.058000 0.055000
500 1 0.077000 0.060000 0.064000
525 1 0.085000 0.078000 0.085000
550 1 0.087000 0.055000 0.082000
575 1 0.126000 0.102000 0.092000
600 1 0.09800 0.061000 0.095000
625 1 0.092000 0.092000 0.086000
650 1 0.102000 0.094000 0.096000
700 1 0.113000 0.094000 0.143000
725 1 0.116000 0.074000 0.121000
750 1 0.163000 0.117000 0.131000
800 1 0.139000 0.120000 0.118000
825 1 0.110000 0.085000 0.120000
850 1 0.130000 0.091000 0.132000
875 1 0.149000 0.120000 0.102000
900 1 0.147000 0.140000 0.148000
925 1 0.161000 0.096000 0.121000
950 1 0.159000 0.102000 0.162000
975 1 0.162000 0.106000 0.156000
985 1 0.174000 0.143000 0.160000
1000 1 0.220000 0.105000 0.230000
1050 1 0.210000 0.110000 0.370000
1050 1 0.182000 0.157000 0.192000
1100 1 0.186000 0.165000 0.169000
1150 1 0.225000 0.173000 0.230000
1200 1 0.220000 0.127000 0.202000
1300 1 0.327000 0.161000 0.244000
1400 1 0.239000 0.182000 0.250000
1450 1 0.264000 0.224000 0.404000
1425 1 0.241000 0.220000 0.223000
1500 1 0.310000 0.185000 0.301000
1550 1 0.276000 0.262000 0.281000
1575 1 0.388000 0.253000 0.342000
1600 1 0.402000 0.225000 0.392000
1650 1 0.353000 0.249000 0.461000
1700 1 0.400000 0.210000 0.387000
1750 1 0.364000 0.394000 0.394000
1800 1 0.360000 0.274000 0.417000
1850 1 0.338000 0.202000 0.388000
1875 1 0.402000 0.302000 0.319000
1900 1 0.377000 0.217000 0.409000
1925 1 0.446000 0.221000 0.313000
1950 1 0.342000 0.210000 0.354000
1965 1 0.350000 0.226000 0.347000
1980 1 0.358000 0.237000 0.389000
1990 1 0.375000 0.218000 0.349000
1995 1 0.445000 0.303000 0.355000








