15 15 0.007000 0.006000 0.007000
20 15 0.009000 0.007000 0.010000
30 15 0.010000 0.007000 0.010000
50 15 0.010000 0.008000 0.009000
60 15 0.012000 0.008000 0.010000
70 15 0.009000 0.007000 0.008000
80 15 0.013000 0.009000 0.013000
100 15 0.017000 0.024000 0.017000
150 15 0.021000 0.019000 0.030000
200 15 0.031000 0.027000 0.037000
250 15 0.029000 0.015000 0.024000
300 15 0.039000 0.017000 0.039000
350 15 0.049000 0.024000 0.040000
400 15 0.055000 0.034000 0.057000
450 15 0.059000 0.029000 0.053000
500 15 0.064000 0.039000 0.071000
550 15 0.078000 0.039000 0.082000
600 15 0.084000 0.042000 0.074000
650 15 0.107000 0.046000 0.099000
700 15 0.082000 0.058000 0.101000
750 15 0.102000 0.053000 0.097000
800 15 0.092000 0.050000 0.089000
850 15 0.116000 0.056000 0.100300
900 15 0.108000 0.057000 0.196000
950 15 0.127000 0.061000 0.125000
1000 15 0.132000 0.055000 0.138000
1050 15 0.146000 0.085000 0.159000
1100 15 0.170000 0.081000 0.164000
1150 15 0.178000 0.128000 0.150000
1200 15 0.179000 0.090000 0.204000
1250 15 0.209000 0.106000 0.216000
1300 15 0.210000 0.105000 0.222000
1400 15 0.203000 0.117000 0.154000
1450 15 0.227000 0.109000 0.209000
1500 15 0.259000 0.104000 0.230000
1550 15 0.224000 0.117000 0.246000
1600 15 0.272000 0.110000 0.265000
1650 15 0.243000 0.110000 0.281000
1700 15 0.247000 0.102000 0.236000
1750 15 0.285000 0.117000 0.289000
1800 15 0.298000 0.133000 0.278000
1850 15 0.281000 0.135000 0.307000
1900 15 0.321000 0.127000 0.319000
1950 15 0.312000 0.140000 0.328000
1995 15 0.291000 0.182000 0.334000

