5 5 0.003000 0.001000 0.001000
10 5 0.003000 0.001000 0.002000
20 5 0.004000 0.001000 0.002000
30 5 0.005000 0.003000 0.003000
50 5 0.007000 0.006000 0.006000
65 5 0.010000 0.005000 0.006000
75 5 0.011000 0.007000 0.012000
90 5 0.011000 0.005000 0.009000
100 5 0.014000 0.008000 0.010000
120 5 0.013000 0.007000 0.008000
135 5 0.015000 0.007000 0.015000
150 5 0.022000 0.012000 0.018000
175 5 0.024000 0.018000 0.017000
200 5 0.029000 0.017000 0.020000
225 5 0.019000 0.013000 0.028000
250 5 0.023000 0.015000 0.032000
275 5 0.029000 0.016000 0.019000
300 5 0.034000 0.022000 0.019000
349 5 0.051000 0.029000 0.032000
375 5 0.048000 0.023000 0.060000
400 5 0.049000 0.026000 0.031000
435 5 0.052000 0.027000 0.045000
460 5 0.067000 0.035000 0.072000
490 5 0.072000 0.050000 0.090000
520 5 0.091000 0.046000 0.066000
550 5 0.065000 0.058000 0.049600
580 5 0.085000 0.035000 0.074000
620 5 0.079000 0.036000 0.084000
650 5 0.076000 0.039000 0.083000
680 5 0.106000 0.043000 0.120000
720 5 0.092000 0.049000 0.077000
735 5 0.119000 0.069000 0.078000
750 5 0.093000 0.069000 0.074000
775 5 0.112000 0.057000 0.077000
780 5 0.108000 0.058000 0.098000
800 5 0.111000 0.065000 0.090000
830 5 0.113000 0.056000 0.075000
860 5 0.138000 0.066000 0.133000
885 5 0.117000 0.099000 0.093000
900 5 0.111000 0.060000 0.088000
930 5 0.148000 0.088000 0.114000
960 5 0.123000 0.078000 0.090000
985 5 0.121000 0.088000 0.103000
1000 5 0.124000 0.090000 0.158000
1160 5 0.148000 0.078000 0.184000
1100 5 0.141000 0.072000 0.078000
1210 5 0.158000 0.078000 0.186000
1250 5 0.162000 0.078000 0.131000
1290 5 0.174000 0.083000 0.141000
1330 5 0.179000 0.124000 0.150000
1365 5 0.182000 0.092000 0.175000
1399 5 0.183000 0.096000 0.175000
1450 5 0.196000 0.173000 0.191000
1475 5 0.292000 0.184000 0.191000
1500 5 0.217000 0.151000 0.168000
1555 5 0.294000 0.166000 0.233000
1600 5 0.310000 0.173000 0.307000
1700 5 0.333000 0.219000 0.336000
1780 5 0.351000 0.220000 0.350000
1850 5 0.362000 0.253000 0.261000
1900 5 0.359000 0.244000 0.264000
1948 5 0.341000 0.204000 0.259000
1979 5 0.273000 0.158000 0.252000
1995 5 0.292000 0.170000 0.236000


