1 0.001000 0.000000 0.000000
5 0.002000 0.001000 0.002000
10 0.002000 0.001000 0.002000
15 0.003000 0.001000 0.002000
20 0.005000 0.001000 0.003000
25 0.005000 0.001000 0.004000
30 0.008000 0.001000 0.007000
40 0.010000 0.001000 0.012000
45 0.011000 0.001000 0.012000
50 0.014000 0.001000 0.014000
60 0.018000 0.001000 0.020000
70 0.025000 0.002000 0.028000
80 0.031000 0.001000 0.035000
90 0.035000 0.001000 0.044000
100 0.051000 0.001000 0.055000
110 0.060000 0.001000 0.072000
120 0.093000 0.001000 0.087000
130 0.093000 0.002000 0.104000
140 0.094000 0.001000 0.115000
150 0.109000 0.001000 0.143000
160 0.126000 0.001000 0.163000
170 0.133000 0.001000 0.180000
180 0.156000 0.001000 0.190000
190 0.164000 0.002000 0.204000
200 0.176000 0.002000 0.224000
220 0.224000 0.001000 0.310000
240 0.273000 0.002000 0.355000
260 0.318000 0.001000 0.416000
300 0.389000 0.002000 0.549000
320 0.473000 0.002000 0.611000
340 0.506000 0.002000 0.620000
360 0.554000 0.002000 0.768000
380 0.632000 0.002000 0.834000
400 0.730000 0.003000 0.955000
420 0.765000 0.003000 1.075000
440 0.856000 0.003000 1.177000
460 0.951000 0.004000 1.251000
480 1.088000 0.004000 1.352000
500 1.122000 0.004000 1.366000
530 0.767000 0.009000 0.897000
560 0.698000 0.007000 1.136000
590 0.927000 0.008000 1.127000
630 1.174000 0.010000 1.230000
660 1.345000 0.009000 1.672000
690 1.590000 0.007000 1.158000
730 1.298000 0.009000 1.884000
760 1.722000 0.009000 1.982000
790 1.660000 0.010000 2.091000
830 1.959000 0.013000 2.196000
860 1.907000 0.009000 2.236000
890 2.417000 0.016000 2.960000
930 2.428000 0.010000 2.973000
960 2.575000 0.011000 3.261000
1000 2.279000 0.017000 3.415000