0 0.000003

1 0.000002

2 0.000003

3 0.000003

4 0.000002

5 0.000003

6 0.000002

8 0.000002
10 0.000002

13 0.000002

16 0.000001

20 0.000002

25 0.000002

32 0.000002
40 0.000002

50 0.000002

63 0.000002

76 0.000003
90 0.000002

105 0.000003
125 0.000002

148 0.000003

175 0.000003
200 0.000002
230 0.000003
265 0.000003
300 0.000003
340 0.000003
385 0.000004
435 0.000003
490 0.000004
550 0.000004
615 0.000004
690 0.000004
800 0.000005
950 0.000006
1150 0.000008
1400 0.000008
1700 0.000009

2100 0.000011
2600 0.000014
3200 0.000016
3900 0.000018
4700 0.000022
5600 0.000029
6600 0.000032
7800 0.000036
9200 0.000045
11000 0.000052
13000 0.000062
16000 0.000073
20000 0.000092
25000 0.000113
32000 0.000147
40000 0.000187
50000 0.000234
65000 0.000306
85000 0.000410
110000 0.000501
140000 0.000627
%{180000 0.000819
230000 0.001049
290000 0.001328
360000 0.001625
450000 0.002057
550000 0.002495
660000 0.003038
780000 0.003567
900000 0.004033
1050000 0.004938
1350000 0.006119
1600000 0.007386
1900000 0.008586
2300000 0.010494
2800000 0.012696
3400000 0.015365
4100000 0.018623%}
