0 0.000021
1 0.000020
2 0.000015
3 0.000023
4 0.000022
5 0.000024
6 0.000025
8 0.000025
10 0.000026
13 0.000026
16 0.000026
20 0.000024
25 0.000027
32 0.000025
40 0.000027
50 0.000028
63 0.000026
76 0.000025
90 0.000033
105 0.000028
125 0.000027
148 0.000023
175 0.000027
200 0.000029
230 0.000034
300 0.000031
340 0.000028
385 0.000031
435 0.000026
490 0.000032
550 0.000029
615 0.000030
690 0.000033
800 0.000028
950 0.000034
1150 0.000033
1400 0.000035
1700 0.000029
2100 0.000033
2600 0.000029
3200 0.000027
3900 0.000026
4700 0.000026
5600 0.000027
6600 0.000026
7800 0.000030
9200 0.000024
11000 0.000023
13000 0.000028
16000 0.000025
20000 0.000022
25000 0.000023
32000 0.000022
40000 0.000027
50000 0.000024
65000 0.000026
85000 0.000030
110000 0.000021
140000 0.000023
180000 0.000029
230000 0.000030
290000 0.000032
360000 0.000035
450000 0.000027
550000 0.000045
660000 0.000030
780000 0.000027
900000 0.000028
1050000 0.000030
1350000 0.000032
1600000 0.000030
1900000 0.000033
2300000 0.000034
2800000 0.000040
3400000 0.000038
4100000 0.000046
