0 0.000003
1 0.000002

2 0.000003

3 0.000003

4 0.000002

5 0.000003

6 0.000002

8 0.000002
10 0.000002

13 0.000002

16 0.000001
20 0.000002

25 0.000002

32 0.000002
40 0.000002

50 0.000002

63 0.000002

76 0.000003
90 0.000002

105 0.000003
125 0.000002

148 0.000003

175 0.000002
200 0.000002
230 0.000003
265 0.000002
300 0.000003
340 0.000003
385 0.000004
435 0.000003
490 0.000004
550 0.000003
615 0.000004
690 0.000003
800 0.000002
950 0.000003
1150 0.000004
1400 0.000003
1700 0.000003

2100 0.000004
2600 0.000003
3200 0.000003
3900 0.000003
4700 0.000004
5600 0.000003
6600 0.000003
7800 0.000003
9200 0.000002
11000 0.000003
13000 0.000004
16000 0.000003
20000 0.000004
25000 0.000002
32000 0.000003
40000 0.000005
50000 0.000003
65000 0.000004
85000 0.000004
110000 0.000004
140000 0.000004
180000 0.000005
230000 0.000004
290000 0.000003
360000 0.000003
450000 0.000003
550000 0.000004
660000 0.000003
780000 0.000004
900000 0.000004
1050000 0.000003
1350000 0.000004
1600000 0.000003
1900000 0.000003
2300000 0.000004
2800000 0.000004
3400000 0.000003
4100000 0.000004
